0.000 13.00 2.750 13.21 5.650 12.10 4.560 9.120 7.330 7.600 9.150
13.00 0.000 13.21 2.750 12.10 5.650 9.120 4.560 7.330 9.150 7.600
2.750 13.21 0.000 12.85 3.220 11.11 6.230 10.02 8.890 5.970 7.830
13.21 2.750 12.85 0.000 11.11 3.220 10.02 6.230 8.890 7.830 5.970
6.120 12.10 3.220 11.11 0.000 8.800 7.520 9.940 9.700 3.400 5.400
12.10 5.650 11.11 3.220 8.800 0.000 9.940 7.520 9.700 5.400 3.400
5.650 9.120 6.230 10.02 7.520 9.940 0.000 4.800 2.780 7.380 8.010
9.120 4.560 10.02 6.230 9.940 7.520 4.800 0.000 2.780 8.010 7.380
7.330 7.330 8.890 8.890 9.700 9.700 2.780 2.780 0.000 8.710 8.710
7.600 9.150 5.970 7.830 3.400 5.400 7.380 8.010 8.71à 0.000 2.000
9.150 7.600 7.830 5.970 5.400 3.400 8.010 7.380 8.710 2.000 0.000
